
0.05
0.08
0.14
0.08
0.08
0.21
0.20
0.16
0.20
0.24
0.14
0.20
0.25
0.21
0.08
0.18
0.20
0.22
0.28
0.20
0.24
0.19
0.12
0.11
0.08
0.07
0.17
0.23
0.37
0.31
0.35
0.25
0.17
0.03
0.28
0.24
0.20
0.18
0.13
-0.01
0.06
0.28
0.22
0.16
0.20
0.07
0.01
0.29
0.29
0.25
0.16
0.15
0.04
0.17
0.15
0.12
0.20
0.26
0.23
0.15
0.26
0.18
0.16
0.12
0.13
0.04
0.18
0.26
0.15
0.22
0.24
0.15
0.10
0.24
0.20
0.21
0.24
0.19
0.09
0.20
0.28
0.21
0.20
0.22
0.11
0.07
0.12
0.08
-0.06
-0.08
-0.12
-0.07
0.03
-0.03
0.03
0.07
-0.10
-0.11
-0.10
-0.25
-0.33
-0.20
-0.33
-0.59
-0.57
-0.66
-0.88
-0.94
-0.88
-1.19
-1.26
-1.36
-1.50
-1.55
-1.69
-1.83
-2.07
-2.16
-2.42
-2.67
-2.38
-1.09
-0.61
-0.55
-0.03
0.45
0.68
0.67
0.13
-0.15
-0.11
-0.22
-0.19
-0.01
0.06
0.21
0.16
-0.08
-0.15
-0.07
-0.07
-0.14
-0.03
-0.03
-0.10
-0.06
-0.09
-0.11
-0.09
-0.16
-0.21
-0.20
-0.31
-0.35
-0.24
-0.13
-0.14
-0.17
-0.24
-0.32
-0.31
-0.17
-0.13
-0.24
-0.13
-0.30
-0.32
-0.27
-0.26
-0.12
-0.20
-0.11
-0.09
-0.16
-0.15
-0.16
-0.22
-0.32
-0.33
-0.30
-0.32
-0.27
-0.15
-0.13
-0.25
-0.24
-0.20
-0.20
-0.15
-0.14
-0.24
-0.21
-0.10
-0.11
-0.09
-0.07
-0.18
-0.24
-0.21
-0.27
-0.31
-0.23
-0.27
-0.12
-0.11
-0.13
-0.16
-0.25
-0.29
-0.16
-0.14
-0.23
-0.13
-0.16
-0.26
-0.19
-0.15
-0.24
-0.28
-0.16
-0.19
-0.19
-0.04
-0.19
-0.20
-0.23
-0.24
-0.29
-0.27
-0.20
-0.22
-0.14
-0.04
-0.17
-0.10
-0.25
-0.36
-0.28
-0.10
-0.15
-0.09
-0.15
-0.30
-0.28
-0.25
-0.37
-0.22
-0.21
-0.12
-0.26
-0.26
-0.29
-0.33
-0.33
-0.26
-0.29
-0.22
-0.14
-0.15
-0.15
-0.18
-0.19
-0.22
-0.09
-0.22
-0.21
-0.23
-0.25
-0.15
-0.03
0.06
0.19
0.25
0.28
0.32
0.32
0.35
0.57
0.66
0.93
1.28
1.57
2.03
2.40
2.95
3.24
3.65
4.04
3.78
0.51
0.57
1.06
1.07
-0.08
0.03
-0.30
-0.68
-0.77
-0.61
-0.40
0.06
0.42
0.40
0.32
0.08
-0.20
-0.38
-0.25
-0.03
0.12
0.24
0.35
0.04
-0.00
0.03
0.04
0.04
0.26
0.12
0.15
0.38
0.42
0.32
0.43
0.32
0.19
0.32
0.33
0.32
0.27
0.33
0.25
0.29
0.36
0.37
0.28
0.39
0.40
0.17
0.15
0.17
0.22
0.14
0.40
0.17
0.05
0.12
0.17
0.13
0.28
0.15
0.08
0.14
0.25
0.17
0.25
0.31
0.25
0.28
0.38
0.25
0.13
0.12
0.09
0.02
0.08
0.07
0.10
0.16
0.27
0.31
0.25
0.32
0.33
0.14
0.16
0.16
0.13
0.08
0.20
0.15
0.22
0.24
0.24
0.14
0.23
0.25
0.13
0.23
0.24
0.17
0.22
0.26
0.19
0.11
0.18
0.06
-0.01
0.03
0.10
0.18
0.21
0.26
0.25
0.13
0.15
0.17
0.10
0.24
0.34
0.33
0.33
0.30
0.12
0.10
0.15
0.13
0.23
0.29
0.19
0.12
0.24
0.16
0.31
0.33
0.19
0.26
0.26
0.17
0.15
0.26
0.17
0.23
0.25
0.21
0.22
0.20
0.21
0.27
0.24
0.16
0.14
0.13
0.29
0.41
0.44
0.48
0.46
0.16
0.29
0.23
0.24
0.33
0.39
0.17
0.42
0.36
0.18
0.23
0.24
0.23
0.28
0.37
0.21
0.19
0.19
0.11
0.27
0.33
0.51
0.48
0.51
0.50
0.57
0.40
0.54
0.50
0.45
0.45
0.36
0.16
0.20
0.04
-0.27
-0.24
-0.74
-1.15
-1.22
-1.81
-2.06
-2.18
-2.51
-2.63
-2.74
-3.12
-3.28
-3.46
-3.95
-4.13
-4.35
-3.48
-0.22
-0.14
-0.51
-0.53
0.70
0.90
0.62
0.40
-0.16
-0.28
-0.23
-0.30
-0.13
0.02
0.34
0.42
0.10
0.02
-0.26
-0.23
-0.05
-0.03
-0.06
0.01
-0.25
-0.40
-0.34
-0.43
-0.39
-0.23
-0.22
-0.09
-0.05
-0.10
-0.15
-0.24
-0.35
-0.34
-0.30
-0.27
-0.13
-0.17
-0.16
-0.15
-0.19
-0.17
-0.20
-0.18
-0.13
-0.18
-0.20
-0.09
-0.10
-0.10
-0.09
-0.13
-0.12
-0.13
-0.27
-0.21
-0.18
-0.14
-0.06
-0.05
-0.11
-0.21
-0.28
-0.37
-0.26
-0.24
-0.12
-0.15
-0.19
-0.17
-0.09
-0.07
-0.15
-0.24
-0.27
-0.22
-0.18
-0.13
-0.14
-0.17
-0.12
-0.18
-0.17
-0.20
-0.35
-0.28
-0.27
-0.24
-0.16
-0.15
-0.17
-0.13
-0.17
-0.29
-0.25
-0.25
-0.31
-0.06
-0.15
-0.08
-0.02
-0.11
-0.18
-0.20
-0.29
-0.25
-0.13
-0.18
-0.09
-0.11
-0.15
-0.16
-0.17
-0.18
-0.19
-0.20
-0.17
-0.20
-0.17
-0.19
-0.22
-0.28
-0.13
-0.16
-0.20
-0.14
-0.17
-0.28
-0.16
-0.24
-0.24
-0.11
-0.14
-0.03
-0.10
-0.27
-0.15
-0.17
-0.04
-0.09
-0.10
-0.25
-0.22
-0.27
-0.14
-0.01
-0.15
-0.14
-0.15
-0.20
-0.14
-0.06
-0.14
-0.12
-0.21
-0.23
-0.21
-0.27
-0.25
-0.12
-0.14
-0.14
-0.01
0.05
0.04
0.12
0.22
0.26
0.34
0.47
0.50
0.53
0.60
0.66
0.73
0.81
0.93
1.13
1.23
1.43
1.62
1.64
1.58
1.83
1.86
2.09
2.40
2.56
2.88
1.26
0.15
0.48
0.54
-0.33
-0.14
-0.33
-0.19
-0.06
0.25
0.19
0.19
0.07
-0.17
-0.25
-0.14
0.03
0.17
0.12
0.03
-0.03
-0.05
0.06
0.15
0.25
0.26
0.29
0.33
0.36
0.33
0.31
0.16
0.26
0.35
0.32
0.41
0.33
0.25
0.36
0.30
0.30
0.39
0.31
0.27
0.36
0.35
0.30
0.40
0.30
0.25
0.24
0.17
0.06
0.08
0.10
0.06
0.19
0.20
0.29
0.40
0.37
0.34
0.26
0.24
0.09
0.20
0.11
0.22
0.34
0.29
0.44
0.35
0.15
0.15
0.10
0.07
0.13
0.19
0.17
0.34
0.21
0.13
0.30
0.21
0.29
0.27
0.07
0.07
0.19
0.24
0.17
0.26
0.23
0.30
0.28
0.26
0.16
0.19
0.14
0.16
0.18
0.14
0.22
0.34
0.27
0.34
0.18
0.11
0.19
0.15
0.18
0.27
0.14
0.12
0.23
0.16
0.21
0.23
0.07
0.21
0.12
0.14
0.23
0.16
0.14
0.18
0.06
0.27
0.29
0.37
0.44
0.34
0.29
0.15
0.23
0.34
0.30
0.32
0.37
0.23
0.37
0.19
0.17
0.40
0.30
0.27
0.34
0.10
0.23
0.19
0.10
0.18
0.10
0.04
0.26
0.28
0.30
0.31
0.21
0.02
0.04
0.01
0.11
0.20
0.38
0.27
0.28
0.23
0.01
-0.11
-0.35
-0.63
-0.71
-1.17
-1.45
-1.66
-2.17
-2.28
-2.54
-2.90
-3.09
-3.46
-3.78
-4.10
-4.67
-1.22
-0.60
-0.78
-0.81
-0.65
0.28
0.28
0.25
0.47
0.55
0.41
-0.03
-0.20
-0.29
-0.39
-0.08
0.12
0.24
0.42
0.17
-0.01
-0.21
-0.35
-0.14
-0.02
0.05
0.14
-0.12
-0.25
-0.23
-0.39
-0.35
-0.31
-0.38
-0.26
-0.25
-0.23
-0.20
-0.30
-0.25
-0.29
-0.35
-0.35
-0.30
-0.18
-0.18
-0.10
-0.14
-0.17
-0.19
-0.17
-0.23
-0.31
-0.36
-0.28
-0.23
-0.11
-0.14
-0.27
-0.27
-0.22
-0.15
-0.07
-0.06
-0.15
-0.31
-0.34
-0.27
-0.22
-0.12
-0.04
-0.15
-0.15
-0.28
-0.41
-0.28
-0.29
-0.19
-0.18
-0.26
-0.19
-0.17
-0.17
-0.13
-0.22
-0.31
-0.24
-0.18
-0.19
-0.12
-0.15
-0.32
-0.20
-0.20
-0.16
-0.07
-0.17
-0.19
-0.27
-0.21
-0.14
-0.26
-0.34
-0.18
-0.26
-0.22
-0.12
-0.21
-0.11
-0.29
-0.29
-0.21
-0.23
-0.10
-0.06
-0.08
-0.05
-0.20
-0.27
-0.30
